# oST version 5.0 parameters


[image]

width
964

height
724

[narrow_stereo]

camera matrix
486.256970 0.000000 456.755380
0.000000 486.647597 365.580957
0.000000 0.000000 1.000000

distortion
-0.200343 0.068582 0.003023 0.000061 0.000000

rectification
1.000000 0.000000 0.000000
0.000000 1.000000 0.000000
0.000000 0.000000 1.000000

projection
426.549255 0.000000 460.533940 0.000000
0.000000 434.749481 369.933799 0.000000
0.000000 0.000000 1.000000 0.000000

